9.756 -3.395 -9.382 9.75 -3.378 -9.388 9.75 -3.378 -9.388 9.745 -3.367 -9.399 9.739 -3.356 -9.404 9.734 -3.34 -9.41 9.728 -3.329 -9.41 9.728 -3.329 -9.41 9.728 -3.318 -9.41 9.728 -3.307 -9.404 9.723 -3.296 -9.404 9.723 -3.285 -9.399 9.723 -3.285 -9.399 9.723 -3.274 -9.393 9.723 -3.263 -9.382 9.723 -3.252 -9.377 9.723 -3.246 -9.366 9.723 -3.246 -9.366 9.723 -3.235 -9.36 9.723 -3.23 -9.355 9.717 -3.219 -9.355 9.717 -3.214 -9.355 9.717 -3.214 -9.355 9.717 -3.208 -9.36 9.717 -3.203 -9.371 9.723 -3.192 -9.382 9.723 -3.186 -9.393 9.723 -3.186 -9.393 9.723 -3.175 -9.41 9.728 -3.17 -9.421
9.756 -3.395 -9.382 9.75 -3.378 -9.388 9.75 -3.378 -9.388 9.745 -3.367 -9.399 9.739 -3.356 -9.404 9.734 -3.34 -9.41 9.728 -3.329 -9.41 9.728 -3.329 -9.41 9.728 -3.318 -9.41 9.728 -3.307 -9.404 9.723 -3.296 -9.404 9.723 -3.285 -9.399 9.723 -3.285 -9.399 9.723 -3.274 -9.393 9.723 -3.263 -9.382 9.723 -3.252 -9.377 9.723 -3.246 -9.366 9.723 -3.246 -9.366 9.723 -3.235 -9.36 9.723 -3.23 -9.355 9.717 -3.219 -9.355 9.717 -3.214 -9.355 9.717 -3.214 -9.355 9.717 -3.208 -9.36 9.717 -3.203 -9.371 9.723 -3.192 -9.382 9.723 -3.186 -9.393 9.723 -3.186 -9.393 9.723 -3.175 -9.41 9.728 -3.17 -9.421
9.756 -3.395 -9.382 9.75 -3.378 -9.388 9.75 -3.378 -9.388 9.745 -3.367 -9.399 9.739 -3.356 -9.404 9.734 -3.34 -9.41 9.728 -3.329 -9.41 9.728 -3.329 -9.41 9.728 -3.318 -9.41 9.728 -3.307 -9.404 9.723 -3.296 -9.404 9.723 -3.285 -9.399 9.723 -3.285 -9.399 9.723 -3.274 -9.393 9.723 -3.263 -9.382 9.723 -3.252 -9.377 9.723 -3.246 -9.366 9.723 -3.246 -9.366 9.723 -3.235 -9.36 9.723 -3.23 -9.355 9.717 -3.219 -9.355 9.717 -3.214 -9.355 9.717 -3.214 -9.355 9.717 -3.208 -9.36 9.717 -3.203 -9.371 9.723 -3.192 -9.382 9.723 -3.186 -9.393 9.723 -3.186 -9.393 9.723 -3.175 -9.41 9.728 -3.17 -9.421
9.756 -3.395 -9.382 9.75 -3.378 -9.388 9.75 -3.378 -9.388 9.745 -3.367 -9.399 9.739 -3.356 -9.404 9.734 -3.34 -9.41 9.728 -3.329 -9.41 9.728 -3.329 -9.41 9.728 -3.318 -9.41 9.728 -3.307 -9.404 9.723 -3.296 -9.404 9.723 -3.285 -9.399 9.723 -3.285 -9.399 9.723 -3.274 -9.393 9.723 -3.263 -9.382 9.723 -3.252 -9.377 9.723 -3.246 -9.366 9.723 -3.246 -9.366 9.723 -3.235 -9.36 9.723 -3.23 -9.355 9.717 -3.219 -9.355 9.717 -3.214 -9.355 9.717 -3.214 -9.355 9.717 -3.208 -9.36 9.717 -3.203 -9.371 9.723 -3.192 -9.382 9.723 -3.186 -9.393 9.723 -3.186 -9.393 9.723 -3.175 -9.41 9.728 -3.17 -9.421
9.756 -3.395 -9.382 9.75 -3.378 -9.388 9.75 -3.378 -9.388 9.745 -3.367 -9.399 9.739 -3.356 -9.404 9.734 -3.34 -9.41 9.728 -3.329 -9.41 9.728 -3.329 -9.41 9.728 -3.318 -9.41 9.728 -3.307 -9.404 9.723 -3.296 -9.404 9.723 -3.285 -9.399 9.723 -3.285 -9.399 9.723 -3.274 -9.393 9.723 -3.263 -9.382 9.723 -3.252 -9.377 9.723 -3.246 -9.366 9.723 -3.246 -9.366 9.723 -3.235 -9.36 9.723 -3.23 -9.355 9.717 -3.219 -9.355 9.717 -3.214 -9.355 9.717 -3.214 -9.355 9.717 -3.208 -9.36 9.717 -3.203 -9.371 9.723 -3.192 -9.382 9.723 -3.186 -9.393 9.723 -3.186 -9.393 9.723 -3.175 -9.41 9.728 -3.17 -9.421
9.756 -3.395 -9.382 9.75 -3.378 -9.388 9.75 -3.378 -9.388 9.745 -3.367 -9.399 9.739 -3.356 -9.404 9.734 -3.34 -9.41 9.728 -3.329 -9.41 9.728 -3.329 -9.41 9.728 -3.318 -9.41 9.728 -3.307 -9.404 9.723 -3.296 -9.404 9.723 -3.285 -9.399 9.723 -3.285 -9.399 9.723 -3.274 -9.393 9.723 -3.263 -9.382 9.723 -3.252 -9.377 9.723 -3.246 -9.366 9.723 -3.246 -9.366 9.723 -3.235 -9.36 9.723 -3.23 -9.355 9.717 -3.219 -9.355 9.717 -3.214 -9.355 9.717 -3.214 -9.355 9.717 -3.208 -9.36 9.717 -3.203 -9.371 9.723 -3.192 -9.382 9.723 -3.186 -9.393 9.723 -3.186 -9.393 9.723 -3.175 -9.41 9.728 -3.17 -9.421
9.756 -3.395 -9.382 9.75 -3.378 -9.388 9.75 -3.378 -9.388 9.745 -3.367 -9.399 9.739 -3.356 -9.404 9.734 -3.34 -9.41 9.728 -3.329 -9.41 9.728 -3.329 -9.41 9.728 -3.318 -9.41 9.728 -3.307 -9.404 9.723 -3.296 -9.404 9.723 -3.285 -9.399 9.723 -3.285 -9.399 9.723 -3.274 -9.393 9.723 -3.263 -9.382 9.723 -3.252 -9.377 9.723 -3.246 -9.366 9.723 -3.246 -9.366 9.723 -3.235 -9.36 9.723 -3.23 -9.355 9.717 -3.219 -9.355 9.717 -3.214 -9.355 9.717 -3.214 -9.355 9.717 -3.208 -9.36 9.717 -3.203 -9.371 9.723 -3.192 -9.382 9.723 -3.186 -9.393 9.723 -3.186 -9.393 9.723 -3.175 -9.41 9.728 -3.17 -9.421
9.756 -3.395 -9.382 9.75 -3.378 -9.388 9.75 -3.378 -9.388 9.745 -3.367 -9.399 9.739 -3.356 -9.404 9.734 -3.34 -9.41 9.728 -3.329 -9.41 9.728 -3.329 -9.41 9.728 -3.318 -9.41 9.728 -3.307 -9.404 9.723 -3.296 -9.404 9.723 -3.285 -9.399 9.723 -3.285 -9.399 9.723 -3.274 -9.393 9.723 -3.263 -9.382 9.723 -3.252 -9.377 9.723 -3.246 -9.366 9.723 -3.246 -9.366 9.723 -3.235 -9.36 9.723 -3.23 -9.355 9.717 -3.219 -9.355 9.717 -3.214 -9.355 9.717 -3.214 -9.355 9.717 -3.208 -9.36 9.717 -3.203 -9.371 9.723 -3.192 -9.382 9.723 -3.186 -9.393 9.723 -3.186 -9.393 9.723 -3.175 -9.41 9.728 -3.17 -9.421
9.756 -3.395 -9.382 9.75 -3.378 -9.388 9.75 -3.378 -9.388 9.745 -3.367 -9.399 9.739 -3.356 -9.404 9.734 -3.34 -9.41 9.728 -3.329 -9.41 9.728 -3.329 -9.41 9.728 -3.318 -9.41 9.728 -3.307 -9.404 9.723 -3.296 -9.404 9.723 -3.285 -9.399 9.723 -3.285 -9.399 9.723 -3.274 -9.393 9.723 -3.263 -9.382 9.723 -3.252 -9.377 9.723 -3.246 -9.366 9.723 -3.246 -9.366 9.723 -3.235 -9.36 9.723 -3.23 -9.355 9.717 -3.219 -9.355 9.717 -3.214 -9.355 9.717 -3.214 -9.355 9.717 -3.208 -9.36 9.717 -3.203 -9.371 9.723 -3.192 -9.382 9.723 -3.186 -9.393 9.723 -3.186 -9.393 9.723 -3.175 -9.41 9.728 -3.17 -9.421
9.756 -3.395 -9.382 9.75 -3.378 -9.388 9.75 -3.378 -9.388 9.745 -3.367 -9.399 9.739 -3.356 -9.404 9.734 -3.34 -9.41 9.728 -3.329 -9.41 9.728 -3.329 -9.41 9.728 -3.318 -9.41 9.728 -3.307 -9.404 9.723 -3.296 -9.404 9.723 -3.285 -9.399 9.723 -3.285 -9.399 9.723 -3.274 -9.393 9.723 -3.263 -9.382 9.723 -3.252 -9.377 9.723 -3.246 -9.366 9.723 -3.246 -9.366 9.723 -3.235 -9.36 9.723 -3.23 -9.355 9.717 -3.219 -9.355 9.717 -3.214 -9.355 9.717 -3.214 -9.355 9.717 -3.208 -9.36 9.717 -3.203 -9.371 9.723 -3.192 -9.382 9.723 -3.186 -9.393 9.723 -3.186 -9.393 9.723 -3.175 -9.41 9.728 -3.17 -9.421
9.756 -3.395 -9.382 9.75 -3.378 -9.388 9.75 -3.378 -9.388 9.745 -3.367 -9.399 9.739 -3.356 -9.404 9.734 -3.34 -9.41 9.728 -3.329 -9.41 9.728 -3.329 -9.41 9.728 -3.318 -9.41 9.728 -3.307 -9.404 9.723 -3.296 -9.404 9.723 -3.285 -9.399 9.723 -3.285 -9.399 9.723 -3.274 -9.393 9.723 -3.263 -9.382 9.723 -3.252 -9.377 9.723 -3.246 -9.366 9.723 -3.246 -9.366 9.723 -3.235 -9.36 9.723 -3.23 -9.355 9.717 -3.219 -9.355 9.717 -3.214 -9.355 9.717 -3.214 -9.355 9.717 -3.208 -9.36 9.717 -3.203 -9.371 9.723 -3.192 -9.382 9.723 -3.186 -9.393 9.723 -3.186 -9.393 9.723 -3.175 -9.41 9.728 -3.17 -9.421
9.756 -3.395 -9.382 9.75 -3.378 -9.388 9.75 -3.378 -9.388 9.745 -3.367 -9.399 9.739 -3.356 -9.404 9.734 -3.34 -9.41 9.728 -3.329 -9.41 9.728 -3.329 -9.41 9.728 -3.318 -9.41 9.728 -3.307 -9.404 9.723 -3.296 -9.404 9.723 -3.285 -9.399 9.723 -3.285 -9.399 9.723 -3.274 -9.393 9.723 -3.263 -9.382 9.723 -3.252 -9.377 9.723 -3.246 -9.366 9.723 -3.246 -9.366 9.723 -3.235 -9.36 9.723 -3.23 -9.355 9.717 -3.219 -9.355 9.717 -3.214 -9.355 9.717 -3.214 -9.355 9.717 -3.208 -9.36 9.717 -3.203 -9.371 9.723 -3.192 -9.382 9.723 -3.186 -9.393 9.723 -3.186 -9.393 9.723 -3.175 -9.41 9.728 -3.17 -9.421
9.756 -3.395 -9.382 9.75 -3.378 -9.388 9.75 -3.378 -9.388 9.745 -3.367 -9.399 9.739 -3.356 -9.404 9.734 -3.34 -9.41 9.728 -3.329 -9.41 9.728 -3.329 -9.41 9.728 -3.318 -9.41 9.728 -3.307 -9.404 9.723 -3.296 -9.404 9.723 -3.285 -9.399 9.723 -3.285 -9.399 9.723 -3.274 -9.393 9.723 -3.263 -9.382 9.723 -3.252 -9.377 9.723 -3.246 -9.366 9.723 -3.246 -9.366 9.723 -3.235 -9.36 9.723 -3.23 -9.355 9.717 -3.219 -9.355 9.717 -3.214 -9.355 9.717 -3.214 -9.355 9.717 -3.208 -9.36 9.717 -3.203 -9.371 9.723 -3.192 -9.382 9.723 -3.186 -9.393 9.723 -3.186 -9.393 9.723 -3.175 -9.41 9.728 -3.17 -9.421
9.756 -3.395 -9.382 9.75 -3.378 -9.388 9.75 -3.378 -9.388 9.745 -3.367 -9.399 9.739 -3.356 -9.404 9.734 -3.34 -9.41 9.728 -3.329 -9.41 9.728 -3.329 -9.41 9.728 -3.318 -9.41 9.728 -3.307 -9.404 9.723 -3.296 -9.404 9.723 -3.285 -9.399 9.723 -3.285 -9.399 9.723 -3.274 -9.393 9.723 -3.263 -9.382 9.723 -3.252 -9.377 9.723 -3.246 -9.366 9.723 -3.246 -9.366 9.723 -3.235 -9.36 9.723 -3.23 -9.355 9.717 -3.219 -9.355 9.717 -3.214 -9.355 9.717 -3.214 -9.355 9.717 -3.208 -9.36 9.717 -3.203 -9.371 9.723 -3.192 -9.382 9.723 -3.186 -9.393 9.723 -3.186 -9.393 9.723 -3.175 -9.41 9.728 -3.17 -9.421
9.756 -3.395 -9.382 9.75 -3.378 -9.388 9.75 -3.378 -9.388 9.745 -3.367 -9.399 9.739 -3.356 -9.404 9.734 -3.34 -9.41 9.728 -3.329 -9.41 9.728 -3.329 -9.41 9.728 -3.318 -9.41 9.728 -3.307 -9.404 9.723 -3.296 -9.404 9.723 -3.285 -9.399 9.723 -3.285 -9.399 9.723 -3.274 -9.393 9.723 -3.263 -9.382 9.723 -3.252 -9.377 9.723 -3.246 -9.366 9.723 -3.246 -9.366 9.723 -3.235 -9.36 9.723 -3.23 -9.355 9.717 -3.219 -9.355 9.717 -3.214 -9.355 9.717 -3.214 -9.355 9.717 -3.208 -9.36 9.717 -3.203 -9.371 9.723 -3.192 -9.382 9.723 -3.186 -9.393 9.723 -3.186 -9.393 9.723 -3.175 -9.41 9.728 -3.17 -9.421
9.756 -3.395 -9.382 9.75 -3.378 -9.388 9.75 -3.378 -9.388 9.745 -3.367 -9.399 9.739 -3.356 -9.404 9.734 -3.34 -9.41 9.728 -3.329 -9.41 9.728 -3.329 -9.41 9.728 -3.318 -9.41 9.728 -3.307 -9.404 9.723 -3.296 -9.404 9.723 -3.285 -9.399 9.723 -3.285 -9.399 9.723 -3.274 -9.393 9.723 -3.263 -9.382 9.723 -3.252 -9.377 9.723 -3.246 -9.366 9.723 -3.246 -9.366 9.723 -3.235 -9.36 9.723 -3.23 -9.355 9.717 -3.219 -9.355 9.717 -3.214 -9.355 9.717 -3.214 -9.355 9.717 -3.208 -9.36 9.717 -3.203 -9.371 9.723 -3.192 -9.382 9.723 -3.186 -9.393 9.723 -3.186 -9.393 9.723 -3.175 -9.41 9.728 -3.17 -9.421
9.756 -3.395 -9.382 9.75 -3.378 -9.388 9.75 -3.378 -9.388 9.745 -3.367 -9.399 9.739 -3.356 -9.404 9.734 -3.34 -9.41 9.728 -3.329 -9.41 9.728 -3.329 -9.41 9.728 -3.318 -9.41 9.728 -3.307 -9.404 9.723 -3.296 -9.404 9.723 -3.285 -9.399 9.723 -3.285 -9.399 9.723 -3.274 -9.393 9.723 -3.263 -9.382 9.723 -3.252 -9.377 9.723 -3.246 -9.366 9.723 -3.246 -9.366 9.723 -3.235 -9.36 9.723 -3.23 -9.355 9.717 -3.219 -9.355 9.717 -3.214 -9.355 9.717 -3.214 -9.355 9.717 -3.208 -9.36 9.717 -3.203 -9.371 9.723 -3.192 -9.382 9.723 -3.186 -9.393 9.723 -3.186 -9.393 9.723 -3.175 -9.41 9.728 -3.17 -9.421
9.756 -3.395 -9.382 9.75 -3.378 -9.388 9.75 -3.378 -9.388 9.745 -3.367 -9.399 9.739 -3.356 -9.404 9.734 -3.34 -9.41 9.728 -3.329 -9.41 9.728 -3.329 -9.41 9.728 -3.318 -9.41 9.728 -3.307 -9.404 9.723 -3.296 -9.404 9.723 -3.285 -9.399 9.723 -3.285 -9.399 9.723 -3.274 -9.393 9.723 -3.263 -9.382 9.723 -3.252 -9.377 9.723 -3.246 -9.366 9.723 -3.246 -9.366 9.723 -3.235 -9.36 9.723 -3.23 -9.355 9.717 -3.219 -9.355 9.717 -3.214 -9.355 9.717 -3.214 -9.355 9.717 -3.208 -9.36 9.717 -3.203 -9.371 9.723 -3.192 -9.382 9.723 -3.186 -9.393 9.723 -3.186 -9.393 9.723 -3.175 -9.41 9.728 -3.17 -9.421
9.756 -3.395 -9.382 9.75 -3.378 -9.388 9.75 -3.378 -9.388 9.745 -3.367 -9.399 9.739 -3.356 -9.404 9.734 -3.34 -9.41 9.728 -3.329 -9.41 9.728 -3.329 -9.41 9.728 -3.318 -9.41 9.728 -3.307 -9.404 9.723 -3.296 -9.404 9.723 -3.285 -9.399 9.723 -3.285 -9.399 9.723 -3.274 -9.393 9.723 -3.263 -9.382 9.723 -3.252 -9.377 9.723 -3.246 -9.366 9.723 -3.246 -9.366 9.723 -3.235 -9.36 9.723 -3.23 -9.355 9.717 -3.219 -9.355 9.717 -3.214 -9.355 9.717 -3.214 -9.355 9.717 -3.208 -9.36 9.717 -3.203 -9.371 9.723 -3.192 -9.382 9.723 -3.186 -9.393 9.723 -3.186 -9.393 9.723 -3.175 -9.41 9.728 -3.17 -9.421
9.756 -3.395 -9.382 9.75 -3.378 -9.388 9.75 -3.378 -9.388 9.745 -3.367 -9.399 9.739 -3.356 -9.404 9.734 -3.34 -9.41 9.728 -3.329 -9.41 9.728 -3.329 -9.41 9.728 -3.318 -9.41 9.728 -3.307 -9.404 9.723 -3.296 -9.404 9.723 -3.285 -9.399 9.723 -3.285 -9.399 9.723 -3.274 -9.393 9.723 -3.263 -9.382 9.723 -3.252 -9.377 9.723 -3.246 -9.366 9.723 -3.246 -9.366 9.723 -3.235 -9.36 9.723 -3.23 -9.355 9.717 -3.219 -9.355 9.717 -3.214 -9.355 9.717 -3.214 -9.355 9.717 -3.208 -9.36 9.717 -3.203 -9.371 9.723 -3.192 -9.382 9.723 -3.186 -9.393 9.723 -3.186 -9.393 9.723 -3.175 -9.41 9.728 -3.17 -9.421
