31.22 991.55 182.26 31.22 991.55 182.26 31.22 991.55 182.26 31.22 991.55 182.26 31.21 991.55 182.26 31.22 991.55 182.26 31.22 991.55 182.25 31.22 991.55 182.23 31.22 991.55 182.22 31.22 991.55 182.21 31.22 991.55 182.21 31.22 991.55 182.21 31.22 991.55 182.21 31.22 991.55 182.21 31.22 991.55 182.21 31.22 991.55 182.21 31.22 991.55 182.21 31.21 991.55 182.21 31.21 991.55 182.22 31.22 991.55 182.22 31.21 991.55 182.22 31.21 991.55 182.22 31.21 991.55 182.22 31.21 991.55 182.22 31.21 991.55 182.22 31.21 991.55 182.21 31.21 991.55 182.21 31.21 991.56 182.19 31.21 991.56 182.19 31.21 991.56 182.19
31.22 991.55 182.26 31.22 991.55 182.26 31.22 991.55 182.26 31.22 991.55 182.26 31.21 991.55 182.26 31.22 991.55 182.26 31.22 991.55 182.25 31.22 991.55 182.23 31.22 991.55 182.22 31.22 991.55 182.21 31.22 991.55 182.21 31.22 991.55 182.21 31.22 991.55 182.21 31.22 991.55 182.21 31.22 991.55 182.21 31.22 991.55 182.21 31.22 991.55 182.21 31.21 991.55 182.21 31.21 991.55 182.22 31.22 991.55 182.22 31.21 991.55 182.22 31.21 991.55 182.22 31.21 991.55 182.22 31.21 991.55 182.22 31.21 991.55 182.22 31.21 991.55 182.21 31.21 991.55 182.21 31.21 991.56 182.19 31.21 991.56 182.19 31.21 991.56 182.19
31.22 991.55 182.26 31.22 991.55 182.26 31.22 991.55 182.26 31.22 991.55 182.26 31.21 991.55 182.26 31.22 991.55 182.26 31.22 991.55 182.25 31.22 991.55 182.23 31.22 991.55 182.22 31.22 991.55 182.21 31.22 991.55 182.21 31.22 991.55 182.21 31.22 991.55 182.21 31.22 991.55 182.21 31.22 991.55 182.21 31.22 991.55 182.21 31.22 991.55 182.21 31.21 991.55 182.21 31.21 991.55 182.22 31.22 991.55 182.22 31.21 991.55 182.22 31.21 991.55 182.22 31.21 991.55 182.22 31.21 991.55 182.22 31.21 991.55 182.22 31.21 991.55 182.21 31.21 991.55 182.21 31.21 991.56 182.19 31.21 991.56 182.19 31.21 991.56 182.19
31.22 991.55 182.26 31.22 991.55 182.26 31.22 991.55 182.26 31.22 991.55 182.26 31.21 991.55 182.26 31.22 991.55 182.26 31.22 991.55 182.25 31.22 991.55 182.23 31.22 991.55 182.22 31.22 991.55 182.21 31.22 991.55 182.21 31.22 991.55 182.21 31.22 991.55 182.21 31.22 991.55 182.21 31.22 991.55 182.21 31.22 991.55 182.21 31.22 991.55 182.21 31.21 991.55 182.21 31.21 991.55 182.22 31.22 991.55 182.22 31.21 991.55 182.22 31.21 991.55 182.22 31.21 991.55 182.22 31.21 991.55 182.22 31.21 991.55 182.22 31.21 991.55 182.21 31.21 991.55 182.21 31.21 991.56 182.19 31.21 991.56 182.19 31.21 991.56 182.19
31.22 991.55 182.26 31.22 991.55 182.26 31.22 991.55 182.26 31.22 991.55 182.26 31.21 991.55 182.26 31.22 991.55 182.26 31.22 991.55 182.25 31.22 991.55 182.23 31.22 991.55 182.22 31.22 991.55 182.21 31.22 991.55 182.21 31.22 991.55 182.21 31.22 991.55 182.21 31.22 991.55 182.21 31.22 991.55 182.21 31.22 991.55 182.21 31.22 991.55 182.21 31.21 991.55 182.21 31.21 991.55 182.22 31.22 991.55 182.22 31.21 991.55 182.22 31.21 991.55 182.22 31.21 991.55 182.22 31.21 991.55 182.22 31.21 991.55 182.22 31.21 991.55 182.21 31.21 991.55 182.21 31.21 991.56 182.19 31.21 991.56 182.19 31.21 991.56 182.19
31.22 991.55 182.26 31.22 991.55 182.26 31.22 991.55 182.26 31.22 991.55 182.26 31.21 991.55 182.26 31.22 991.55 182.26 31.22 991.55 182.25 31.22 991.55 182.23 31.22 991.55 182.22 31.22 991.55 182.21 31.22 991.55 182.21 31.22 991.55 182.21 31.22 991.55 182.21 31.22 991.55 182.21 31.22 991.55 182.21 31.22 991.55 182.21 31.22 991.55 182.21 31.21 991.55 182.21 31.21 991.55 182.22 31.22 991.55 182.22 31.21 991.55 182.22 31.21 991.55 182.22 31.21 991.55 182.22 31.21 991.55 182.22 31.21 991.55 182.22 31.21 991.55 182.21 31.21 991.55 182.21 31.21 991.56 182.19 31.21 991.56 182.19 31.21 991.56 182.19
31.22 991.55 182.26 31.22 991.55 182.26 31.22 991.55 182.26 31.22 991.55 182.26 31.21 991.55 182.26 31.22 991.55 182.26 31.22 991.55 182.25 31.22 991.55 182.23 31.22 991.55 182.22 31.22 991.55 182.21 31.22 991.55 182.21 31.22 991.55 182.21 31.22 991.55 182.21 31.22 991.55 182.21 31.22 991.55 182.21 31.22 991.55 182.21 31.22 991.55 182.21 31.21 991.55 182.21 31.21 991.55 182.22 31.22 991.55 182.22 31.21 991.55 182.22 31.21 991.55 182.22 31.21 991.55 182.22 31.21 991.55 182.22 31.21 991.55 182.22 31.21 991.55 182.21 31.21 991.55 182.21 31.21 991.56 182.19 31.21 991.56 182.19 31.21 991.56 182.19
31.22 991.55 182.26 31.22 991.55 182.26 31.22 991.55 182.26 31.22 991.55 182.26 31.21 991.55 182.26 31.22 991.55 182.26 31.22 991.55 182.25 31.22 991.55 182.23 31.22 991.55 182.22 31.22 991.55 182.21 31.22 991.55 182.21 31.22 991.55 182.21 31.22 991.55 182.21 31.22 991.55 182.21 31.22 991.55 182.21 31.22 991.55 182.21 31.22 991.55 182.21 31.21 991.55 182.21 31.21 991.55 182.22 31.22 991.55 182.22 31.21 991.55 182.22 31.21 991.55 182.22 31.21 991.55 182.22 31.21 991.55 182.22 31.21 991.55 182.22 31.21 991.55 182.21 31.21 991.55 182.21 31.21 991.56 182.19 31.21 991.56 182.19 31.21 991.56 182.19
31.22 991.55 182.26 31.22 991.55 182.26 31.22 991.55 182.26 31.22 991.55 182.26 31.21 991.55 182.26 31.22 991.55 182.26 31.22 991.55 182.25 31.22 991.55 182.23 31.22 991.55 182.22 31.22 991.55 182.21 31.22 991.55 182.21 31.22 991.55 182.21 31.22 991.55 182.21 31.22 991.55 182.21 31.22 991.55 182.21 31.22 991.55 182.21 31.22 991.55 182.21 31.21 991.55 182.21 31.21 991.55 182.22 31.22 991.55 182.22 31.21 991.55 182.22 31.21 991.55 182.22 31.21 991.55 182.22 31.21 991.55 182.22 31.21 991.55 182.22 31.21 991.55 182.21 31.21 991.55 182.21 31.21 991.56 182.19 31.21 991.56 182.19 31.21 991.56 182.19
31.22 991.55 182.26 31.22 991.55 182.26 31.22 991.55 182.26 31.22 991.55 182.26 31.21 991.55 182.26 31.22 991.55 182.26 31.22 991.55 182.25 31.22 991.55 182.23 31.22 991.55 182.22 31.22 991.55 182.21 31.22 991.55 182.21 31.22 991.55 182.21 31.22 991.55 182.21 31.22 991.55 182.21 31.22 991.55 182.21 31.22 991.55 182.21 31.22 991.55 182.21 31.21 991.55 182.21 31.21 991.55 182.22 31.22 991.55 182.22 31.21 991.55 182.22 31.21 991.55 182.22 31.21 991.55 182.22 31.21 991.55 182.22 31.21 991.55 182.22 31.21 991.55 182.21 31.21 991.55 182.21 31.21 991.56 182.19 31.21 991.56 182.19 31.21 991.56 182.19
31.22 991.55 182.26 31.22 991.55 182.26 31.22 991.55 182.26 31.22 991.55 182.26 31.21 991.55 182.26 31.22 991.55 182.26 31.22 991.55 182.25 31.22 991.55 182.23 31.22 991.55 182.22 31.22 991.55 182.21 31.22 991.55 182.21 31.22 991.55 182.21 31.22 991.55 182.21 31.22 991.55 182.21 31.22 991.55 182.21 31.22 991.55 182.21 31.22 991.55 182.21 31.21 991.55 182.21 31.21 991.55 182.22 31.22 991.55 182.22 31.21 991.55 182.22 31.21 991.55 182.22 31.21 991.55 182.22 31.21 991.55 182.22 31.21 991.55 182.22 31.21 991.55 182.21 31.21 991.55 182.21 31.21 991.56 182.19 31.21 991.56 182.19 31.21 991.56 182.19
31.22 991.55 182.26 31.22 991.55 182.26 31.22 991.55 182.26 31.22 991.55 182.26 31.21 991.55 182.26 31.22 991.55 182.26 31.22 991.55 182.25 31.22 991.55 182.23 31.22 991.55 182.22 31.22 991.55 182.21 31.22 991.55 182.21 31.22 991.55 182.21 31.22 991.55 182.21 31.22 991.55 182.21 31.22 991.55 182.21 31.22 991.55 182.21 31.22 991.55 182.21 31.21 991.55 182.21 31.21 991.55 182.22 31.22 991.55 182.22 31.21 991.55 182.22 31.21 991.55 182.22 31.21 991.55 182.22 31.21 991.55 182.22 31.21 991.55 182.22 31.21 991.55 182.21 31.21 991.55 182.21 31.21 991.56 182.19 31.21 991.56 182.19 31.21 991.56 182.19
31.22 991.55 182.26 31.22 991.55 182.26 31.22 991.55 182.26 31.22 991.55 182.26 31.21 991.55 182.26 31.22 991.55 182.26 31.22 991.55 182.25 31.22 991.55 182.23 31.22 991.55 182.22 31.22 991.55 182.21 31.22 991.55 182.21 31.22 991.55 182.21 31.22 991.55 182.21 31.22 991.55 182.21 31.22 991.55 182.21 31.22 991.55 182.21 31.22 991.55 182.21 31.21 991.55 182.21 31.21 991.55 182.22 31.22 991.55 182.22 31.21 991.55 182.22 31.21 991.55 182.22 31.21 991.55 182.22 31.21 991.55 182.22 31.21 991.55 182.22 31.21 991.55 182.21 31.21 991.55 182.21 31.21 991.56 182.19 31.21 991.56 182.19 31.21 991.56 182.19
31.22 991.55 182.26 31.22 991.55 182.26 31.22 991.55 182.26 31.22 991.55 182.26 31.21 991.55 182.26 31.22 991.55 182.26 31.22 991.55 182.25 31.22 991.55 182.23 31.22 991.55 182.22 31.22 991.55 182.21 31.22 991.55 182.21 31.22 991.55 182.21 31.22 991.55 182.21 31.22 991.55 182.21 31.22 991.55 182.21 31.22 991.55 182.21 31.22 991.55 182.21 31.21 991.55 182.21 31.21 991.55 182.22 31.22 991.55 182.22 31.21 991.55 182.22 31.21 991.55 182.22 31.21 991.55 182.22 31.21 991.55 182.22 31.21 991.55 182.22 31.21 991.55 182.21 31.21 991.55 182.21 31.21 991.56 182.19 31.21 991.56 182.19 31.21 991.56 182.19
31.22 991.55 182.26 31.22 991.55 182.26 31.22 991.55 182.26 31.22 991.55 182.26 31.21 991.55 182.26 31.22 991.55 182.26 31.22 991.55 182.25 31.22 991.55 182.23 31.22 991.55 182.22 31.22 991.55 182.21 31.22 991.55 182.21 31.22 991.55 182.21 31.22 991.55 182.21 31.22 991.55 182.21 31.22 991.55 182.21 31.22 991.55 182.21 31.22 991.55 182.21 31.21 991.55 182.21 31.21 991.55 182.22 31.22 991.55 182.22 31.21 991.55 182.22 31.21 991.55 182.22 31.21 991.55 182.22 31.21 991.55 182.22 31.21 991.55 182.22 31.21 991.55 182.21 31.21 991.55 182.21 31.21 991.56 182.19 31.21 991.56 182.19 31.21 991.56 182.19
31.22 991.55 182.26 31.22 991.55 182.26 31.22 991.55 182.26 31.22 991.55 182.26 31.21 991.55 182.26 31.22 991.55 182.26 31.22 991.55 182.25 31.22 991.55 182.23 31.22 991.55 182.22 31.22 991.55 182.21 31.22 991.55 182.21 31.22 991.55 182.21 31.22 991.55 182.21 31.22 991.55 182.21 31.22 991.55 182.21 31.22 991.55 182.21 31.22 991.55 182.21 31.21 991.55 182.21 31.21 991.55 182.22 31.22 991.55 182.22 31.21 991.55 182.22 31.21 991.55 182.22 31.21 991.55 182.22 31.21 991.55 182.22 31.21 991.55 182.22 31.21 991.55 182.21 31.21 991.55 182.21 31.21 991.56 182.19 31.21 991.56 182.19 31.21 991.56 182.19
31.22 991.55 182.26 31.22 991.55 182.26 31.22 991.55 182.26 31.22 991.55 182.26 31.21 991.55 182.26 31.22 991.55 182.26 31.22 991.55 182.25 31.22 991.55 182.23 31.22 991.55 182.22 31.22 991.55 182.21 31.22 991.55 182.21 31.22 991.55 182.21 31.22 991.55 182.21 31.22 991.55 182.21 31.22 991.55 182.21 31.22 991.55 182.21 31.22 991.55 182.21 31.21 991.55 182.21 31.21 991.55 182.22 31.22 991.55 182.22 31.21 991.55 182.22 31.21 991.55 182.22 31.21 991.55 182.22 31.21 991.55 182.22 31.21 991.55 182.22 31.21 991.55 182.21 31.21 991.55 182.21 31.21 991.56 182.19 31.21 991.56 182.19 31.21 991.56 182.19
31.22 991.55 182.26 31.22 991.55 182.26 31.22 991.55 182.26 31.22 991.55 182.26 31.21 991.55 182.26 31.22 991.55 182.26 31.22 991.55 182.25 31.22 991.55 182.23 31.22 991.55 182.22 31.22 991.55 182.21 31.22 991.55 182.21 31.22 991.55 182.21 31.22 991.55 182.21 31.22 991.55 182.21 31.22 991.55 182.21 31.22 991.55 182.21 31.22 991.55 182.21 31.21 991.55 182.21 31.21 991.55 182.22 31.22 991.55 182.22 31.21 991.55 182.22 31.21 991.55 182.22 31.21 991.55 182.22 31.21 991.55 182.22 31.21 991.55 182.22 31.21 991.55 182.21 31.21 991.55 182.21 31.21 991.56 182.19 31.21 991.56 182.19 31.21 991.56 182.19
31.22 991.55 182.26 31.22 991.55 182.26 31.22 991.55 182.26 31.22 991.55 182.26 31.21 991.55 182.26 31.22 991.55 182.26 31.22 991.55 182.25 31.22 991.55 182.23 31.22 991.55 182.22 31.22 991.55 182.21 31.22 991.55 182.21 31.22 991.55 182.21 31.22 991.55 182.21 31.22 991.55 182.21 31.22 991.55 182.21 31.22 991.55 182.21 31.22 991.55 182.21 31.21 991.55 182.21 31.21 991.55 182.22 31.22 991.55 182.22 31.21 991.55 182.22 31.21 991.55 182.22 31.21 991.55 182.22 31.21 991.55 182.22 31.21 991.55 182.22 31.21 991.55 182.21 31.21 991.55 182.21 31.21 991.56 182.19 31.21 991.56 182.19 31.21 991.56 182.19
31.22 991.55 182.26 31.22 991.55 182.26 31.22 991.55 182.26 31.22 991.55 182.26 31.21 991.55 182.26 31.22 991.55 182.26 31.22 991.55 182.25 31.22 991.55 182.23 31.22 991.55 182.22 31.22 991.55 182.21 31.22 991.55 182.21 31.22 991.55 182.21 31.22 991.55 182.21 31.22 991.55 182.21 31.22 991.55 182.21 31.22 991.55 182.21 31.22 991.55 182.21 31.21 991.55 182.21 31.21 991.55 182.22 31.22 991.55 182.22 31.21 991.55 182.22 31.21 991.55 182.22 31.21 991.55 182.22 31.21 991.55 182.22 31.21 991.55 182.22 31.21 991.55 182.21 31.21 991.55 182.21 31.21 991.56 182.19 31.21 991.56 182.19 31.21 991.56 182.19
