31.27 991.57 182.1 31.27 991.57 182.1 31.27 991.57 182.11 31.27 991.57 182.11 31.27 991.57 182.11 31.27 991.57 182.12 31.27 991.57 182.12 31.27 991.56 182.13 31.28 991.56 182.14 31.28 991.56 182.14 31.28 991.56 182.14 31.28 991.56 182.14 31.28 991.57 182.12 31.28 991.57 182.12 31.28 991.57 182.1 31.28 991.57 182.1 31.28 991.57 182.1 31.28 991.57 182.1 31.27 991.57 182.1 31.27 991.57 182.1 31.27 991.57 182.1 31.27 991.57 182.09 31.27 991.57 182.09 31.27 991.57 182.09 31.27 991.57 182.09 31.27 991.57 182.09 31.27 991.57 182.09 31.27 991.57 182.09 31.27 991.57 182.09 31.27 991.57 182.09
31.27 991.57 182.1 31.27 991.57 182.1 31.27 991.57 182.11 31.27 991.57 182.11 31.27 991.57 182.11 31.27 991.57 182.12 31.27 991.57 182.12 31.27 991.56 182.13 31.28 991.56 182.14 31.28 991.56 182.14 31.28 991.56 182.14 31.28 991.56 182.14 31.28 991.57 182.12 31.28 991.57 182.12 31.28 991.57 182.1 31.28 991.57 182.1 31.28 991.57 182.1 31.28 991.57 182.1 31.27 991.57 182.1 31.27 991.57 182.1 31.27 991.57 182.1 31.27 991.57 182.09 31.27 991.57 182.09 31.27 991.57 182.09 31.27 991.57 182.09 31.27 991.57 182.09 31.27 991.57 182.09 31.27 991.57 182.09 31.27 991.57 182.09 31.27 991.57 182.09
31.27 991.57 182.1 31.27 991.57 182.1 31.27 991.57 182.11 31.27 991.57 182.11 31.27 991.57 182.11 31.27 991.57 182.12 31.27 991.57 182.12 31.27 991.56 182.13 31.28 991.56 182.14 31.28 991.56 182.14 31.28 991.56 182.14 31.28 991.56 182.14 31.28 991.57 182.12 31.28 991.57 182.12 31.28 991.57 182.1 31.28 991.57 182.1 31.28 991.57 182.1 31.28 991.57 182.1 31.27 991.57 182.1 31.27 991.57 182.1 31.27 991.57 182.1 31.27 991.57 182.09 31.27 991.57 182.09 31.27 991.57 182.09 31.27 991.57 182.09 31.27 991.57 182.09 31.27 991.57 182.09 31.27 991.57 182.09 31.27 991.57 182.09 31.27 991.57 182.09
31.27 991.57 182.1 31.27 991.57 182.1 31.27 991.57 182.11 31.27 991.57 182.11 31.27 991.57 182.11 31.27 991.57 182.12 31.27 991.57 182.12 31.27 991.56 182.13 31.28 991.56 182.14 31.28 991.56 182.14 31.28 991.56 182.14 31.28 991.56 182.14 31.28 991.57 182.12 31.28 991.57 182.12 31.28 991.57 182.1 31.28 991.57 182.1 31.28 991.57 182.1 31.28 991.57 182.1 31.27 991.57 182.1 31.27 991.57 182.1 31.27 991.57 182.1 31.27 991.57 182.09 31.27 991.57 182.09 31.27 991.57 182.09 31.27 991.57 182.09 31.27 991.57 182.09 31.27 991.57 182.09 31.27 991.57 182.09 31.27 991.57 182.09 31.27 991.57 182.09
31.27 991.57 182.1 31.27 991.57 182.1 31.27 991.57 182.11 31.27 991.57 182.11 31.27 991.57 182.11 31.27 991.57 182.12 31.27 991.57 182.12 31.27 991.56 182.13 31.28 991.56 182.14 31.28 991.56 182.14 31.28 991.56 182.14 31.28 991.56 182.14 31.28 991.57 182.12 31.28 991.57 182.12 31.28 991.57 182.1 31.28 991.57 182.1 31.28 991.57 182.1 31.28 991.57 182.1 31.27 991.57 182.1 31.27 991.57 182.1 31.27 991.57 182.1 31.27 991.57 182.09 31.27 991.57 182.09 31.27 991.57 182.09 31.27 991.57 182.09 31.27 991.57 182.09 31.27 991.57 182.09 31.27 991.57 182.09 31.27 991.57 182.09 31.27 991.57 182.09
31.27 991.57 182.1 31.27 991.57 182.1 31.27 991.57 182.11 31.27 991.57 182.11 31.27 991.57 182.11 31.27 991.57 182.12 31.27 991.57 182.12 31.27 991.56 182.13 31.28 991.56 182.14 31.28 991.56 182.14 31.28 991.56 182.14 31.28 991.56 182.14 31.28 991.57 182.12 31.28 991.57 182.12 31.28 991.57 182.1 31.28 991.57 182.1 31.28 991.57 182.1 31.28 991.57 182.1 31.27 991.57 182.1 31.27 991.57 182.1 31.27 991.57 182.1 31.27 991.57 182.09 31.27 991.57 182.09 31.27 991.57 182.09 31.27 991.57 182.09 31.27 991.57 182.09 31.27 991.57 182.09 31.27 991.57 182.09 31.27 991.57 182.09 31.27 991.57 182.09
31.27 991.57 182.1 31.27 991.57 182.1 31.27 991.57 182.11 31.27 991.57 182.11 31.27 991.57 182.11 31.27 991.57 182.12 31.27 991.57 182.12 31.27 991.56 182.13 31.28 991.56 182.14 31.28 991.56 182.14 31.28 991.56 182.14 31.28 991.56 182.14 31.28 991.57 182.12 31.28 991.57 182.12 31.28 991.57 182.1 31.28 991.57 182.1 31.28 991.57 182.1 31.28 991.57 182.1 31.27 991.57 182.1 31.27 991.57 182.1 31.27 991.57 182.1 31.27 991.57 182.09 31.27 991.57 182.09 31.27 991.57 182.09 31.27 991.57 182.09 31.27 991.57 182.09 31.27 991.57 182.09 31.27 991.57 182.09 31.27 991.57 182.09 31.27 991.57 182.09
31.27 991.57 182.1 31.27 991.57 182.1 31.27 991.57 182.11 31.27 991.57 182.11 31.27 991.57 182.11 31.27 991.57 182.12 31.27 991.57 182.12 31.27 991.56 182.13 31.28 991.56 182.14 31.28 991.56 182.14 31.28 991.56 182.14 31.28 991.56 182.14 31.28 991.57 182.12 31.28 991.57 182.12 31.28 991.57 182.1 31.28 991.57 182.1 31.28 991.57 182.1 31.28 991.57 182.1 31.27 991.57 182.1 31.27 991.57 182.1 31.27 991.57 182.1 31.27 991.57 182.09 31.27 991.57 182.09 31.27 991.57 182.09 31.27 991.57 182.09 31.27 991.57 182.09 31.27 991.57 182.09 31.27 991.57 182.09 31.27 991.57 182.09 31.27 991.57 182.09
31.27 991.57 182.1 31.27 991.57 182.1 31.27 991.57 182.11 31.27 991.57 182.11 31.27 991.57 182.11 31.27 991.57 182.12 31.27 991.57 182.12 31.27 991.56 182.13 31.28 991.56 182.14 31.28 991.56 182.14 31.28 991.56 182.14 31.28 991.56 182.14 31.28 991.57 182.12 31.28 991.57 182.12 31.28 991.57 182.1 31.28 991.57 182.1 31.28 991.57 182.1 31.28 991.57 182.1 31.27 991.57 182.1 31.27 991.57 182.1 31.27 991.57 182.1 31.27 991.57 182.09 31.27 991.57 182.09 31.27 991.57 182.09 31.27 991.57 182.09 31.27 991.57 182.09 31.27 991.57 182.09 31.27 991.57 182.09 31.27 991.57 182.09 31.27 991.57 182.09
31.27 991.57 182.1 31.27 991.57 182.1 31.27 991.57 182.11 31.27 991.57 182.11 31.27 991.57 182.11 31.27 991.57 182.12 31.27 991.57 182.12 31.27 991.56 182.13 31.28 991.56 182.14 31.28 991.56 182.14 31.28 991.56 182.14 31.28 991.56 182.14 31.28 991.57 182.12 31.28 991.57 182.12 31.28 991.57 182.1 31.28 991.57 182.1 31.28 991.57 182.1 31.28 991.57 182.1 31.27 991.57 182.1 31.27 991.57 182.1 31.27 991.57 182.1 31.27 991.57 182.09 31.27 991.57 182.09 31.27 991.57 182.09 31.27 991.57 182.09 31.27 991.57 182.09 31.27 991.57 182.09 31.27 991.57 182.09 31.27 991.57 182.09 31.27 991.57 182.09
31.27 991.57 182.1 31.27 991.57 182.1 31.27 991.57 182.11 31.27 991.57 182.11 31.27 991.57 182.11 31.27 991.57 182.12 31.27 991.57 182.12 31.27 991.56 182.13 31.28 991.56 182.14 31.28 991.56 182.14 31.28 991.56 182.14 31.28 991.56 182.14 31.28 991.57 182.12 31.28 991.57 182.12 31.28 991.57 182.1 31.28 991.57 182.1 31.28 991.57 182.1 31.28 991.57 182.1 31.27 991.57 182.1 31.27 991.57 182.1 31.27 991.57 182.1 31.27 991.57 182.09 31.27 991.57 182.09 31.27 991.57 182.09 31.27 991.57 182.09 31.27 991.57 182.09 31.27 991.57 182.09 31.27 991.57 182.09 31.27 991.57 182.09 31.27 991.57 182.09
31.27 991.57 182.1 31.27 991.57 182.1 31.27 991.57 182.11 31.27 991.57 182.11 31.27 991.57 182.11 31.27 991.57 182.12 31.27 991.57 182.12 31.27 991.56 182.13 31.28 991.56 182.14 31.28 991.56 182.14 31.28 991.56 182.14 31.28 991.56 182.14 31.28 991.57 182.12 31.28 991.57 182.12 31.28 991.57 182.1 31.28 991.57 182.1 31.28 991.57 182.1 31.28 991.57 182.1 31.27 991.57 182.1 31.27 991.57 182.1 31.27 991.57 182.1 31.27 991.57 182.09 31.27 991.57 182.09 31.27 991.57 182.09 31.27 991.57 182.09 31.27 991.57 182.09 31.27 991.57 182.09 31.27 991.57 182.09 31.27 991.57 182.09 31.27 991.57 182.09
31.27 991.57 182.1 31.27 991.57 182.1 31.27 991.57 182.11 31.27 991.57 182.11 31.27 991.57 182.11 31.27 991.57 182.12 31.27 991.57 182.12 31.27 991.56 182.13 31.28 991.56 182.14 31.28 991.56 182.14 31.28 991.56 182.14 31.28 991.56 182.14 31.28 991.57 182.12 31.28 991.57 182.12 31.28 991.57 182.1 31.28 991.57 182.1 31.28 991.57 182.1 31.28 991.57 182.1 31.27 991.57 182.1 31.27 991.57 182.1 31.27 991.57 182.1 31.27 991.57 182.09 31.27 991.57 182.09 31.27 991.57 182.09 31.27 991.57 182.09 31.27 991.57 182.09 31.27 991.57 182.09 31.27 991.57 182.09 31.27 991.57 182.09 31.27 991.57 182.09
31.27 991.57 182.1 31.27 991.57 182.1 31.27 991.57 182.11 31.27 991.57 182.11 31.27 991.57 182.11 31.27 991.57 182.12 31.27 991.57 182.12 31.27 991.56 182.13 31.28 991.56 182.14 31.28 991.56 182.14 31.28 991.56 182.14 31.28 991.56 182.14 31.28 991.57 182.12 31.28 991.57 182.12 31.28 991.57 182.1 31.28 991.57 182.1 31.28 991.57 182.1 31.28 991.57 182.1 31.27 991.57 182.1 31.27 991.57 182.1 31.27 991.57 182.1 31.27 991.57 182.09 31.27 991.57 182.09 31.27 991.57 182.09 31.27 991.57 182.09 31.27 991.57 182.09 31.27 991.57 182.09 31.27 991.57 182.09 31.27 991.57 182.09 31.27 991.57 182.09
31.27 991.57 182.1 31.27 991.57 182.1 31.27 991.57 182.11 31.27 991.57 182.11 31.27 991.57 182.11 31.27 991.57 182.12 31.27 991.57 182.12 31.27 991.56 182.13 31.28 991.56 182.14 31.28 991.56 182.14 31.28 991.56 182.14 31.28 991.56 182.14 31.28 991.57 182.12 31.28 991.57 182.12 31.28 991.57 182.1 31.28 991.57 182.1 31.28 991.57 182.1 31.28 991.57 182.1 31.27 991.57 182.1 31.27 991.57 182.1 31.27 991.57 182.1 31.27 991.57 182.09 31.27 991.57 182.09 31.27 991.57 182.09 31.27 991.57 182.09 31.27 991.57 182.09 31.27 991.57 182.09 31.27 991.57 182.09 31.27 991.57 182.09 31.27 991.57 182.09
31.27 991.57 182.1 31.27 991.57 182.1 31.27 991.57 182.11 31.27 991.57 182.11 31.27 991.57 182.11 31.27 991.57 182.12 31.27 991.57 182.12 31.27 991.56 182.13 31.28 991.56 182.14 31.28 991.56 182.14 31.28 991.56 182.14 31.28 991.56 182.14 31.28 991.57 182.12 31.28 991.57 182.12 31.28 991.57 182.1 31.28 991.57 182.1 31.28 991.57 182.1 31.28 991.57 182.1 31.27 991.57 182.1 31.27 991.57 182.1 31.27 991.57 182.1 31.27 991.57 182.09 31.27 991.57 182.09 31.27 991.57 182.09 31.27 991.57 182.09 31.27 991.57 182.09 31.27 991.57 182.09 31.27 991.57 182.09 31.27 991.57 182.09 31.27 991.57 182.09
31.27 991.57 182.1 31.27 991.57 182.1 31.27 991.57 182.11 31.27 991.57 182.11 31.27 991.57 182.11 31.27 991.57 182.12 31.27 991.57 182.12 31.27 991.56 182.13 31.28 991.56 182.14 31.28 991.56 182.14 31.28 991.56 182.14 31.28 991.56 182.14 31.28 991.57 182.12 31.28 991.57 182.12 31.28 991.57 182.1 31.28 991.57 182.1 31.28 991.57 182.1 31.28 991.57 182.1 31.27 991.57 182.1 31.27 991.57 182.1 31.27 991.57 182.1 31.27 991.57 182.09 31.27 991.57 182.09 31.27 991.57 182.09 31.27 991.57 182.09 31.27 991.57 182.09 31.27 991.57 182.09 31.27 991.57 182.09 31.27 991.57 182.09 31.27 991.57 182.09
31.27 991.57 182.1 31.27 991.57 182.1 31.27 991.57 182.11 31.27 991.57 182.11 31.27 991.57 182.11 31.27 991.57 182.12 31.27 991.57 182.12 31.27 991.56 182.13 31.28 991.56 182.14 31.28 991.56 182.14 31.28 991.56 182.14 31.28 991.56 182.14 31.28 991.57 182.12 31.28 991.57 182.12 31.28 991.57 182.1 31.28 991.57 182.1 31.28 991.57 182.1 31.28 991.57 182.1 31.27 991.57 182.1 31.27 991.57 182.1 31.27 991.57 182.1 31.27 991.57 182.09 31.27 991.57 182.09 31.27 991.57 182.09 31.27 991.57 182.09 31.27 991.57 182.09 31.27 991.57 182.09 31.27 991.57 182.09 31.27 991.57 182.09 31.27 991.57 182.09
31.27 991.57 182.1 31.27 991.57 182.1 31.27 991.57 182.11 31.27 991.57 182.11 31.27 991.57 182.11 31.27 991.57 182.12 31.27 991.57 182.12 31.27 991.56 182.13 31.28 991.56 182.14 31.28 991.56 182.14 31.28 991.56 182.14 31.28 991.56 182.14 31.28 991.57 182.12 31.28 991.57 182.12 31.28 991.57 182.1 31.28 991.57 182.1 31.28 991.57 182.1 31.28 991.57 182.1 31.27 991.57 182.1 31.27 991.57 182.1 31.27 991.57 182.1 31.27 991.57 182.09 31.27 991.57 182.09 31.27 991.57 182.09 31.27 991.57 182.09 31.27 991.57 182.09 31.27 991.57 182.09 31.27 991.57 182.09 31.27 991.57 182.09 31.27 991.57 182.09
31.27 991.57 182.1 31.27 991.57 182.1 31.27 991.57 182.11 31.27 991.57 182.11 31.27 991.57 182.11 31.27 991.57 182.12 31.27 991.57 182.12 31.27 991.56 182.13 31.28 991.56 182.14 31.28 991.56 182.14 31.28 991.56 182.14 31.28 991.56 182.14 31.28 991.57 182.12 31.28 991.57 182.12 31.28 991.57 182.1 31.28 991.57 182.1 31.28 991.57 182.1 31.28 991.57 182.1 31.27 991.57 182.1 31.27 991.57 182.1 31.27 991.57 182.1 31.27 991.57 182.09 31.27 991.57 182.09 31.27 991.57 182.09 31.27 991.57 182.09 31.27 991.57 182.09 31.27 991.57 182.09 31.27 991.57 182.09 31.27 991.57 182.09 31.27 991.57 182.09
